-1.00 -1.00 -1.00 -1.00 -1.00 -1.00 -1.00 -1.00 -1.00 -1.00 -1.00 -1.00 -1.00 -1.00 -1.00 -1.00 -1.00 -1.00 -1.00 -1.00 
0.00 -0.46 -0.62 -0.69 -0.73 -0.75 -0.76 -0.77 -0.78 -0.78 -0.78 -0.78 -0.77 -0.76 -0.75 -0.73 -0.69 -0.62 -0.46 0.00 
0.00 -0.20 -0.33 -0.41 -0.47 -0.50 -0.53 -0.55 -0.56 -0.57 -0.57 -0.56 -0.55 -0.53 -0.50 -0.47 -0.41 -0.33 -0.20 0.00 
0.00 -0.03 -0.09 -0.16 -0.22 -0.27 -0.31 -0.33 -0.35 -0.36 -0.36 -0.35 -0.33 -0.31 -0.27 -0.22 -0.16 -0.09 -0.03 0.00 
0.00 0.18 0.15 0.08 0.01 -0.05 -0.09 -0.13 -0.15 -0.16 -0.16 -0.15 -0.13 -0.09 -0.05 0.01 0.08 0.15 0.18 0.00 
1.00 0.60 0.43 0.32 0.24 0.17 0.11 0.07 0.04 0.02 0.02 0.04 0.07 0.11 0.17 0.24 0.32 0.43 0.60 1.00 
1.00 0.80 0.66 0.54 0.44 0.36 0.30 0.25 0.21 0.20 0.20 0.21 0.25 0.30 0.36 0.44 0.54 0.66 0.80 1.00 
1.00 0.95 0.85 0.74 0.64 0.54 0.47 0.41 0.37 0.35 0.35 0.37 0.41 0.47 0.54 0.64 0.74 0.85 0.95 1.00 
1.00 1.14 1.06 0.93 0.81 0.71 0.62 0.55 0.51 0.49 0.49 0.51 0.55 0.62 0.71 0.81 0.93 1.06 1.14 1.00 
2.00 1.54 1.30 1.13 0.98 0.86 0.75 0.68 0.62 0.60 0.60 0.62 0.68 0.75 0.86 0.98 1.13 1.30 1.54 2.00 
2.00 1.72 1.49 1.29 1.12 0.98 0.86 0.77 0.71 0.68 0.68 0.71 0.77 0.86 0.98 1.12 1.29 1.49 1.72 2.00 
2.00 1.84 1.64 1.43 1.24 1.08 0.94 0.84 0.77 0.74 0.74 0.77 0.84 0.94 1.08 1.24 1.43 1.64 1.84 2.00 
2.00 2.00 1.79 1.55 1.33 1.14 0.99 0.88 0.80 0.76 0.76 0.80 0.88 0.99 1.14 1.33 1.55 1.79 2.00 2.00 
3.00 2.37 1.98 1.66 1.39 1.17 1.00 0.87 0.78 0.74 0.74 0.78 0.87 1.00 1.17 1.39 1.66 1.98 2.37 3.00 
3.00 2.50 2.08 1.72 1.41 1.16 0.96 0.82 0.73 0.68 0.68 0.73 0.82 0.96 1.16 1.41 1.72 2.08 2.50 3.00 
3.00 2.57 2.12 1.72 1.37 1.09 0.88 0.72 0.62 0.57 0.57 0.62 0.72 0.88 1.09 1.37 1.72 2.12 2.57 3.00 
3.00 2.64 2.13 1.65 1.26 0.96 0.73 0.57 0.47 0.42 0.42 0.47 0.57 0.73 0.96 1.26 1.65 2.13 2.64 3.00 
4.00 2.88 2.09 1.50 1.07 0.75 0.52 0.36 0.26 0.21 0.21 0.26 0.36 0.52 0.75 1.07 1.50 2.09 2.88 4.00 
4.00 2.78 1.86 1.21 0.75 0.44 0.23 0.09 0.00 -0.04 -0.04 0.00 0.09 0.23 0.44 0.75 1.21 1.86 2.78 4.00 
4.00 2.40 1.35 0.71 0.30 0.04 -0.13 -0.24 -0.30 -0.33 -0.33 -0.30 -0.24 -0.13 0.04 0.30 0.71 1.35 2.40 4.00 
4.00 1.46 0.44 -0.04 -0.30 -0.45 -0.55 -0.61 -0.64 -0.66 -0.66 -0.64 -0.61 -0.55 -0.45 -0.30 -0.04 0.44 1.46 4.00 
-1.00 -1.00 -1.00 -1.00 -1.00 -1.00 -1.00 -1.00 -1.00 -1.00 -1.00 -1.00 -1.00 -1.00 -1.00 -1.00 -1.00 -1.00 -1.00 -1.00 
